v_Biking_g01_c01
1 36 67 98 130


v_Biking_g02_c01
1 20 41 62 84 104 126 147 167 188 208 229


v_Biking_g03_c01
1 48 100 148


v_Biking_g04_c03
1 29 50 75 102 152 176 201 226


v_Biking_g05_c01
1 44 78 112 145 178


v_Biking_g06_c01
1 24 48 70 92


v_Biking_g07_c05
1 33 63 95 126


v_Biking_g08_c01 
1 20 38 57 75 93 109 128 145 164 182 201


v_Biking_g09_c01
4 25 44 68 87 110 134 158 


v_Biking_g10_c01
8 29 47 68 89 109 128 148 170 190 211 231

v_Biking_g11_c05
2 34 65 97 128


v_Biking_g12_c04
24 47 69 90 111


v_Biking_g13_c04
3 24 45 66 85 105 124 144 


v_Biking_g14_c02
11 45 79 111 142


v_Biking_g15_c01
1 19 39 59 79 99 118 138 158 177 195 216 236


v_Biking_g16_c02
5 31 56 80 106 130 156 181 


v_Biking_g17_c02
1 23 43 62 83 107 127 149 170


v_Biking_g18_c06
1 34 69 104 137 174 211


v_Biking_g19_c01
1 40 84 122


v_Biking_g20_c07
2 36 68 101 136 171 203 236 268 300


v_Biking_g21_c01
1 17 38 57 78 98 117 137 155 176 196 215 235


v_Biking_g22_c04
1 23 47 68 90 112 132 152 175 196 219 241 264 286 308 328 352 375 399


v_Biking_g23_c02
1 20 39 60 80 102 124 144 165 186 207 229 250 273 295 316 337 360 381 401 421 442 463 483 503 522 545 564 584


v_Biking_g24_c06
1 17 35 52 68 85 103 122


v_Biking_g25_c04
1 33 69 105 140 176



