v_CuttingInKitchen_g01_c01
38 70 97 124 152 179 207 227 246 269 290


v_CuttingInKitchen_g02_c01
1 33 65


v_CuttingInKitchen_g03_c01
23 39 56 70 84 95 105 150 165 195 209 222 234 246 258


v_CuttingInKitchen_g04_c01
1 5 9 13 17 21 26 30 34 38 42 47 51 56 60 65 69 74 78 82 87


v_CuttingInKitchen_g05_c01
28 47 81 102 137 170 191 211 230


v_CuttingInKitchen_g06_c01
13 29 46 60 70 80 90 101 112 121 132 142 152 162 172 182 193 202 212 223 233 243


v_CuttingInKitchen_g07_c01
1 28 59


v_CuttingInKitchen_g08_c03
1 13 28 42 53 68 83 97 109 124 138 151 164 179 192 213 230 246


v_CuttingInKitchen_g09_c01
6 37 67 93 127 152 184 209


v_CuttingInKitchen_g10_c01
2 6 12 17 24 30 36 41 47 54 57 62 69 72 79 84 90 96 101 107 117 122 129 135 141 147 152 159 165 171 175 182 189 195 199 210 216 222 227 234 240 244 252 257 264 270 276 282 287 294 300 306 312 318


v_CuttingInKitchen_g11_c02
1 76 119


v_CuttingInKitchen_g12_c01
1 25 52 78 107 134 162


v_CuttingInKitchen_g13_c01
27 52 64 74 84 95


v_CuttingInKitchen_g14_c03
7 34 61 92


v_CuttingInKitchen_g15_c01
0


v_CuttingInKitchen_g16_c01
1 10 23 31 43 56 68 78 92 107 152 167


v_CuttingInKitchen_g17_c01
1 44 77 103 130 155 179


v_CuttingInKitchen_g18_c01
9 18 27 36 45 55 63


v_CuttingInKitchen_g19_c04
1 15 33


v_CuttingInKitchen_g20_c01
11 29 49 69 93 119 170 226


v_CuttingInKitchen_g21_c01
2 12 43 61 74 85 95 104 113 123 132 141 150 159


v_CuttingInKitchen_g22_c01
1 15 26 37 47 56 67 77 88 97 107 117 126 136 145


v_CuttingInKitchen_g23_c01
11 57 102


v_CuttingInKitchen_g24_c01
1  30 63 96 133


v_CuttingInKitchen_g25_c01
12 24 29 36 46 52 55 62 69 73 79 84 90


