v_Hammering_g01_c01
6 20 31 44 54 62 71 81 88


v_Hammering_g02_c01
0


v_Hammering_g03_c03
10 19 28 36 46 54 64 73 81 89 98 108 118


v_Hammering_g04_c01
1 10 17 25 32 40 47 58 67 76 83 91 99 107 115 128 136 145 154 170 179 187 195 203 212 221


v_Hammering_g05_c02
1 8 14 22 29 36 43 49 55 62 69 76 83 89 95 102 109 115 121


v_Hammering_g06_c03
15 29 44 59 82 95 110 125


v_Hammering_g07_c05
1 12 24 36 48 60 72 84 96 108 119


v_Hammering_g08_c04
19 30 66 80 93


v_Hammering_g09_c01
12 23 35 63 73 84 93 107 120 132


v_Hammering_g10_c01
15 25 34 43 52 61 71 80 90 100 109 118 127


v_Hammering_g11_c04
2 17 29 44 54 67 77 89 99 114


v_Hammering_g12_c05
40 73 105


v_Hammering_g13_c01
16 28 39 52 66 83 100 115 130 148


v_Hammering_g14_c03
8 41 80 119 154 190 225


v_Hammering_g15_c02
107 118 128 138 149


v_Hammering_g16_c04
29 38 48 57 67


v_Hammering_g17_c01
1 26 42 72 104 137


v_Hammering_g18_c07 
20 36 52 69 83 99 119 132 146 162 174 189 205 221 237


v_Hammering_g19_c06
15 27 59 71 90 102 116


v_Hammering_g20_c04
1 45 79 113 148


v_Hammering_g21_c07
22 34 46 58 69 105 117 129 141 152 166 178 190 202


v_Hammering_g22_c02
14 57 99 146 188


v_Hammering_g23_c02
6 14 23 31 38 46 53 62 69 78


v_Hammering_g24_c07
4 20 33 54 68 82 96 110 139 155 168 182 197 212


v_Hammering_g25_c03
7 17 28 51 62 73




