v_HulaHoop_g01_c01
2 11 19 27 38 49 60 70 81 91


v_HulaHoop_g02_c02
1 18 33 48 63 79 96 111


v_HulaHoop_g03_c04
3 14 24 36 48 64 79 94


v_HulaHoop_g04_c05
1 16 29 44 59 73 88 103


v_HulaHoop_g05_c04
1 12 24 36 49 61 73 85 97 109


v_HulaHoop_g06_c04
1 12 22 32 43 53 63 73 83 95


v_HulaHoop_g07_c02
1 17 37 53 72 89


v_HulaHoop_g08_c05
1 16 30 44 58 73 88


v_HulaHoop_g09_c01
1 14 26 40 52 64 76 88 101


v_HulaHoop_g10_c02
11 24 38 52 65 78 91


v_HulaHoop_g11_c02
8 19 32 44 56 67 81 92 104 118 131 146 156 169 181 192


v_HulaHoop_g12_c01
6 25 47 70 91


v_HulaHoop_g13_c04
5 20 34 49 63 76 87 99


v_HulaHoop_g14_c04
3 17 29 44 56 72 85 99 114 127 143 156 171 183 197 210


v_HulaHoop_g15_c05
1 16 30 43 60 74 90


v_HulaHoop_g16_c05 
1 12 25 37 49 61 74 88 100


v_HulaHoop_g17_c02
2 15 27 38 50 62 73 85 97


v_HulaHoop_g18_c04
1 11 20 30 40 51 62 74 86 98 111


v_HulaHoop_g19_c04
1 10 19 28 37 47 57 67 78 90


v_HulaHoop_g20_c01
1 16 31 46 61 77 92


v_HulaHoop_g21_c03
10 27 41 57 72 87 101


v_HulaHoop_g22_c03
4 23 41 57 74 92


v_HulaHoop_g23_c05
1 11 20 30 41 51 61 71 82 92


v_HulaHoop_g24_c03
1 19 37 55 73 91


v_HulaHoop_g25_c01
3 18 34 50 66 83


