v_JumpRope_g01_c01
1 16 28 44 58 66 75 86 99 109 122 134 146 158 171 183 195 205 217 229 243 255


v_JumpRope_g02_c07
1 11 20 29 37 47 55 64 72 81 89 100 109 116 126


v_JumpRope_g03_c04
8 21 34 47 59 72 85 98 111 123 136 148 159 168 177 185 194 203 211 220 229 237 246 255 264 273 281 290 299 308


v_JumpRope_g04_c04
0


v_JumpRope_g05_c05
11 22 34 47 60 71 84 95 104 116 129 141 145 166


v_JumpRope_g06_c01
12 26 38 51 65 77 86 102 113 128 140 152 164 180 191 204 216 228 240


v_JumpRope_g07_c06
1 15 30 45 59 74 88 105 118 134 148 164 180 


v_JumpRope_g08_c03
39 69 98 126 154 183 210 239 267 295 324 351 379 408 436 464 492 520


v_JumpRope_g09_c04
0


v_JumpRope_g10_c02
7 21 35 49 62 72 85 97 109 123 135 148 159 171 185 198 209 222 236 248 260 273 285 297 309 321 335 348 359 375 386 399 412 423 437 450 461 475 488 500


v_JumpRope_g11_c01
1 11 23 35 47 59 71 82 94 106 118 130 142 154 166 178 190 203 216 229 241 254 266 278 292 304 317 331 341 354 366 379 391 404 416 429 442 455 468 480 493 506 518 531


v_JumpRope_g12_c02
4 18 33 47 61 76 90 104 118 132 146 160 174 188 202 216 231 244 258 272 285 299 312 326 339 351 366 380 393


v_JumpRope_g13_c01
1 31 62 92 120


v_JumpRope_g14_c04
23 37 52 67 82 


v_JumpRope_g15_c01
1 11 23 36 50 64 77 91


v_JumpRope_g16_c01
3 19 32 45 58 71 83 96 108 121 135 147 159 172 185 197 211 225 238 251 264 277 290 304 317 331 344 357 370 383 396 410 422 436 449 462 476 489 502 516 529


v_JumpRope_g17_c01
9 23 37 49 62 73 85 97 110 121 135 147 159 171 183 195 209 221 


v_JumpRope_g18_c06
11 24 36 48 60 72 85 98 110 122 134 147 158 171 184 197


v_JumpRope_g19_c04
8 20 32 44 56 69 84 96 108 121


v_JumpRope_g20_c03
1 21 41 60 80 99 118 138 


v_JumpRope_g21_c05
126 135 144 154 164 173 183 194 205


v_JumpRope_g22_c04
3 18 33 48 64 79 94 119 146 172 198 225 


v_JumpRope_g23_c04
5 18 29 41 53 65 78 89 102 152 167 179 192 204 216 228 241 254 265 278 289 301 313 322 330 338 347 355 364 372 381 389 398


v_JumpRope_g24_c07
0


v_JumpRope_g25_c02
7 22 38 54 69 84 100 115 130 145 160 175 190 205 221 237 250 265 280 295 310 325 340 354 369 390


