v_PommelHorse_g01_c07
13 42 69 97 124 151 179 208 235 263 291 319 346 375 404 433 461


v_PommelHorse_g02_c04
210 238 265 292 320 350 379 407 437


v_PommelHorse_g03_c03
18 46 73 102 128 155 184 212 239


v_PommelHorse_g04_c05
22 50 77 103 130 158 185 212 241 268 297 322 349 379


v_PommelHorse_g05_c04
1 30 57 84 111 138 167 197


v_PommelHorse_g06_c04
1 28 57 85 112 142 172 201 230 


v_PommelHorse_g07_c06
14 43 73 103 130 159 189


v_PommelHorse_g08_c01
18 45 73 98 127 154 183 211 241


v_PommelHorse_g09_c04
93 122 153 182 210 238


v_PommelHorse_g10_c04
157 186 213 240 268 297 325 355 


v_PommelHorse_g11_c04
1 36 73 98 124 158 195 231


v_PommelHorse_g12_c05
108 135 164 193 221 249 276 303 330 357 385 415 449 477 506 535 562


v_PommelHorse_g13_c07
1 32 62 92 122 150 182 214 243 271 298 325 354 384 414 445 476


v_PommelHorse_g14_c02
168 198 227 257 288 318 349


v_PommelHorse_g15_c04
2 33 59 88 116 146 177 207 234 269


v_PommelHorse_g16_c04
1 30 59 88 116 148 177 207 237


v_PommelHorse_g17_c03
17 46 75 105 133 162 191 220 250 279 309 338 367 397 427 457 488 517


v_PommelHorse_g18_c03
20 51 82 114 151 188


v_PommelHorse_g19_c05
20 50 79 110 180 213 242 271 302 332 361 392


v_PommelHorse_g20_c07
1 28 56 83 113 140 168 196 223 251 281 309 337


v_PommelHorse_g21_c04
1 29 57 83 111 140 169 201 233 266 299


v_PommelHorse_g22_c07
21 53 87 117 146 179 210 241 269


v_PommelHorse_g23_c04
9 34 62 89 117 144 173 202 231 260 288


v_PommelHorse_g24_c01
5 35 59 83 110 138 164 192 222 250 278 306


v_PommelHorse_g25_c04
270 300 328 357 385


