v_Rowing_g01_c03
1 47 97 143 191


v_Rowing_g02_c06
11 41 70 102 132 163 194 225 255 285


v_Rowing_g03_c04
0


v_Rowing_g04_c06
2 54 106 158 218 285


v_Rowing_g05_c04
31 81 131 176 227 274 323 371 422


v_Rowing_g06_c02
0


v_Rowing_g07_c05
0


v_Rowing_g08_c02
26 69 115


v_Rowing_g09_c06
1 45 90 135 179 226 267 311


v_Rowing_g10_c04
8 101 195 298 393 487


v_Rowing_g11_c02
1 37 77 115 152 192


v_Rowing_g12_c07
47 131 216 299 382 466 552 637 721 806


v_Rowing_g13_c01
28 79 131 181 


v_Rowing_g14_c07
1 52 106 162 217 272 325 380 


v_Rowing_g15_c03
1 61 121 178 236 293 346 403 460 514 570 626 678 733 787 843


v_Rowing_g16_c04
0


v_Rowing_g17_c07
18 56 97 138 177 218 256 297 336 376


v_Rowing_g18_c01
31 72 113 156 198 237


v_Rowing_g19_c02
1 49 95 150 198 244 288


v_Rowing_g20_c02
80 117 155 193


v_Rowing_g21_c03
1 44 85 127 171 213 255 297


v_Rowing_g22_c04
1 40 83


v_Rowing_g23_c04
5 47 91 134


v_Rowing_g24_c01
1 44 86 128 172 214 258 302 346 389


v_Rowing_g25_c03
0


