v_ShavingBeard_g01_c02
1 36 68 101 127


v_ShavingBeard_g02_c07
87 142 180 207 240


v_ShavingBeard_g03_c05
34 45 55 66 77 88 98 106 115 127 140 151 163 173


v_ShavingBeard_g04_c02
1 35 55 82 102 122 140 155 169


v_ShavingBeard_g05_c06
13 26 41 54 70 98 117 129 151 173 195 


v_ShavingBeard_g06_c05
24 35 45 59 73 86 101 116 127 141 152 162 177 186 195 207 221


v_ShavingBeard_g07_c04
18 41 66 95 120 137 153 168 186 206 227 


v_ShavingBeard_g08_c03
9 22 32 45 67 80


v_ShavingBeard_g09_c07
27 55 76 95 114 137 169 187 213 233 263 


v_ShavingBeard_g10_c03
51 61 74 97 109 121 172 184 193 205 219 230 241 253 263


v_ShavingBeard_g11_c01
8 22 35 49 65 80 95 111 129


v_ShavingBeard_g12_c03
1 64 124


v_ShavingBeard_g13_c02
11 20 28 36 44 53 62 71 81 91 99 112 124 134 144 155 165 


v_ShavingBeard_g14_c04
1 48 80 159 


v_ShavingBeard_g15_c07
13 25 42 61 75 89 99 114 130 144 157 169 177 187 199 213 227


v_ShavingBeard_g16_c03
20 37 48 60 72 85 97 110 121


v_ShavingBeard_g17_c07
5 15 26 38 59 73 92 


v_ShavingBeard_g18_c04
37 56 100 121 138 159 184


v_ShavingBeard_g19_c07
1 46 77 90 110


v_ShavingBeard_g20_c05
1 27 66 90 115 132 157 186


v_ShavingBeard_g21_c06
1 62 95


v_ShavingBeard_g22_c02
46 56 67 76 87 96 102 109 116 125 133 


v_ShavingBeard_g23_c06
16 26 35 43 51 59 66 81 89 97 104 112 119 126 134 141 148


v_ShavingBeard_g24_c04
11 20 29 37 45 52 61 70 79 87 95 103 115 123 129 137 144 151 


v_ShavingBeard_g25_c02
9 24 41 60 75 90 103 117 135 154 169 184


