v_SoccerJuggling_g01_c02
93 114 133 150 164 177 196 215 229 242 263 278 301 315 331 351 372 391 408 425 


v_SoccerJuggling_g02_c01
27 43 57 69 84 101 112 124 138 151 159 177 192 205 224


v_SoccerJuggling_g03_c01
9 21 37 52 62 83 109 131 147 161 180 195 215 


v_SoccerJuggling_g04_c01
42 53 68 86 103 117 130 147 162 180 195 216 233 252 270 296 322 341 355


v_SoccerJuggling_g05_c01
11 38 65 86 109 135 160 186 205 224 


v_SoccerJuggling_g06_c05
42 57 74 101 114 128 147 171 185 205 224 242 260 286


v_SoccerJuggling_g07_c05
24 43 65 86 109 131 151 170 194 218 235 255 272 293 311 334 358


v_SoccerJuggling_g08_c01
4 19 32 52 66 85 100 119 134 150 164 


v_SoccerJuggling_g09_c07
7 29 41 56 71 89 105 129


v_SoccerJuggling_g10_c01
14 38 65 86 111 134 157 192


v_SoccerJuggling_g11_c03
25 48 69 93 116 136 166 193 214 243 266 287 308 


v_SoccerJuggling_g12_c05
18 41 62 86 108 130 155 177


v_SoccerJuggling_g13_c05
13 31 46 62 84 101 116 168 186 206 218


v_SoccerJuggling_g14_c01
3 17 33 50 68 81 97 114 127 141 154 173 188 201 217 231


v_SoccerJuggling_g15_c01
2 15 29 47 58 73 84 96 109 120 132 143 155 170 182 196 210 221 231 246 258 272 287 300 311 324 339 354 365 377 394 406 418 434 445 458 470 481 495 509 525 534 549 564 578 591 


v_SoccerJuggling_g16_c05
8 23 64 81 105 118 135 159 174 190


v_SoccerJuggling_g17_c06
5 20 42 59 75 94 111 145 162 180 199 218 232 251 271


v_SoccerJuggling_g18_c05
4 19 38 64 87 104 122 141 153 167 183 201 222 243 271 295 309 331 350


v_SoccerJuggling_g19_c01
8 29 45 58 78 101 121 138 154 169 183 201 224


v_SoccerJuggling_g20_c01
1 20 36 51 66 83 101 117 137 159 172 189 211 228 241 255 268 287 


v_SoccerJuggling_g21_c05
1 17 31 47 63 79 95 115 128 144 162 177 196 212 226


v_SoccerJuggling_g22_c03
18 38 55 77 98 113 132 157 189 209 226 249


v_SoccerJuggling_g23_c01
13 32 54 73 97 111 133 151 165 185 205 223 238


v_SoccerJuggling_g24_c05
0


v_SoccerJuggling_g25_c03
1 44 74 110 144 175 210 250


